288913
469278
649809
569843
449035
768675
529564
534768
688258
518799
737902
276880
297822
139745
357691
556111
269734
658965
679676
467353
688261
609476
149303
099840
289072
555855
479225
609647
738853
419529
278790
339948
648347
538720
109100
569920
569878
569299
469300
739067
569228
569185
768679
198423
797701
469031
569730
649295
128104
169485
529426
529392
538882
768515
739063
659634
349700
458436
237993
479239
529393
649332
158901
529176
768857
768611
659163
659441
469317
659243
329927
556095
768687
528907
659762
529896
679002
689762
519419
518968
689905
677744
217567
598112
618310
679944
737888
828848
757521
544974
544969
828819
088256
648200
649188
828772
828845
797636
544799
544822
737803
679946
159016
757622
529366
828674
828716
828802
319252
387724
148812
649930
738927
129857
609558
469680
469623
538784
556108
649037
528906
769026
769028
649036
738525
579806
529565
518866
768643
768960
649076
538787
519524
738907
689189
545166
738240
677742
519075
688268
757714
545092
648368
518902
529258
738908
545091
738079
757715
689814
545088
689100
534238
518798
737942
569785
757702
828869
649223
518935
129903
437259
569206
538403
318990
349692
247961
159561
149295
259978
575954
534237
608784
439272
448880
579747
649406
768516
327919
739062
569362
468585
129904
465561
569384
419612
529427
659633
739111
547529
658962
768610
534256
129956
659250
519073
538789
679938
529593
575565
688845
479229
569250
768578
518969
649370
575566
609790
679301
689333
649038
677737
648348
469722
828870
545081
737916
797702
828866
828814
518901
436895
649961
768928
399935
159050
689809
529093
618652
768689
168622
569868
618654
648354
469293
649371
569277
468980
556094
609604
529400
529177
579807
738524
556123
659322
658712
529894
688848
619522
139657
148800
555889
127391
438796
738239
768454
757704
545090
528933
529231
689143
768692
518934
649410
739110
738990
677741
689621
127368
648350
757699
545083
738489
227988
387621
319765
099757
534793
689285
359337
469701
556742
228091
309331
455789
558979
538786
679287
139648
389706
579793
529706
309437
599986
545080
399772
828867
449149
469719
449761
268097
659401
408931
319133
529067
319580
128806
597610
579646
327829
536451
536741
768959
424821
309918
139650
678117
319764
389705
339626
538785
309437
359342
469700
556140
548595
579781
259240
429058
099138
737924
536742
538884
579795
528986
599986
519421
309919
487012
579767
439012
768547
534786
368051
545079
288683
569405
319759
408940
569845
139649
529283
737913
129957
227968
327830
679697
138572
609561
737758
579847
554350
437128
329154
357684
548926
539842
556818
298191
307966
278475
109355
229313
437738
439501
437275
438234
269783
596468
139644
139299
248843
139654
128575
248853
138676
139648
139408
574013